0.9571805243147773
25
0.9570185151507944
28
0.9570185151507944
28
0.9389637606161811
30
0.9389637606161811
30
0.9389637606161811
30
0.9389637606161811
30
0.9389637606161811
30
0.9389637606161811
30
0.9389637606161811
30
0.9389637606161811
30
0.9389637606161811
30
0.9389637606161811
30
0.9389637606161811
30
0.9389637606161811
30
0.9389637606161811
30
0.9438955019607776
31
0.9451431962420049
32
0.9451431962420049
32
0.9451431962420049
32
0.9451431962420049
32
0.9449111657377691
33
0.9449111657377691
33
0.9388423986278358
34
0.9388423986278358
34
0.9388423986278358
34
0.9582988583731307
35
0.9582988583731307
35
0.9582988583731307
35
0.9582988583731307
35
0.9582988583731307
35
0.9582988583731307
35
0.9565234356865215
36
0.9565234356865215
36
0.9565234356865215
36
0.9565234356865215
36
0.9565234356865215
36
0.9565234356865215
36
0.9552035393316661
37
0.9552035393316661
37
0.9552035393316661
37
0.9566218997200541
38
0.9566218997200541
38
0.9566218997200541
38
0.9566218997200541
38
0.9566218997200541
38
0.9566218997200541
38
0.9566218997200541
38
0.9566218997200541
38
0.9566218997200541
38
0.9605042611988972
39
0.9605042611988972
39
0.9605042611988972
39
0.9602497789512943
40
0.9602497789512943
40
0.9602497789512943
40
0.9602497789512943
40
0.9602497789512943
40
0.9602497789512943
40
0.9602497789512943
40
0.9602497789512943
40
0.9602497789512943
40
0.9608251959705675
41
0.9598021556188159
42
0.9598021556188159
42
0.9598021556188159
42
0.9598021556188159
42
0.9557944449948983
43
0.9557944449948983
43
0.9557944449948983
43
0.9557944449948983
43
0.9557944449948983
43
0.9557944449948983
43
0.9557944449948983
43
0.9557944449948983
43
0.9532953945188576
44
0.9532953945188576
44
0.9532953945188576
44
0.9521031743833088
45
0.9521031743833088
45
0.9521031743833088
45
0.9521031743833088
45
0.9521031743833088
45
0.9521031743833088
45
0.9521031743833088
45
0.9463988342839771
46
0.9463988342839771
46
0.94124080247683
47
0.94124080247683
47
0.94124080247683
47
0.94124080247683
47
0.94124080247683
47
0.94124080247683
47
0.94124080247683
47
0.94124080247683
47
0.94124080247683
47
0.94124080247683
47
0.94124080247683
47
0.94124080247683
47
0.94124080247683
47
0.9578757870217731
49
0.9578757870217731
49
0.9578757870217731
49
0.959169347858708
50
0.959169347858708
50
0.959169347858708
50
0.959169347858708
50
0.959169347858708
50
0.959169347858708
50
0.9584137395110175
51
0.9584137395110175
51
0.9584137395110175
51
0.9587769667406576
52
0.9587769667406576
52
0.955694255169163
53
0.955694255169163
53
0.955694255169163
53
0.955694255169163
53
0.955694255169163
53
0.955694255169163
53
0.955694255169163
53
0.955694255169163
53
0.955694255169163
53
0.955694255169163
53
0.955694255169163
53
0.955694255169163
53
0.9544110134014201
54
0.9544110134014201
54
0.9544110134014201
54
0.9544110134014201
54
0.9544110134014201
54
0.9544110134014201
54
0.9544110134014201
54
0.9544110134014201
54
0.9598805303962343
55
0.9598805303962343
55
0.9598805303962343
55
0.9598805303962343
55
0.9598805303962343
55
0.9592347664005627
56
0.9592347664005627
56
0.9592347664005627
56
0.9592347664005627
56
0.9592347664005627
56
0.9588777140081556
57
0.9588777140081556
57
0.9588777140081556
57
0.9588777140081556
57
0.9588777140081556
57
0.9588777140081556
57
0.9584873121416754
58
0.9584873121416754
58
0.9584873121416754
58
0.9584873121416754
58
0.9584873121416754
58
0.9584873121416754
58
0.9584873121416754
58
0.9584873121416754
58
0.9584873121416754
58
0.9568398456829155
59
0.9568398456829155
59
0.9568398456829155
59
0.9571567951894415
60
0.9571567951894415
60
0.9571567951894415
60
0.9571567951894415
60
0.9571567951894415
60
0.9571567951894415
60
0.9571567951894415
60
0.9571567951894415
60
0.9571567951894415
60
0.9571567951894415
60
0.9571567951894415
60
0.9591121639675133
61
0.9611594544628399
63
0.9602333404847603
64
0.9602333404847603
64
0.9595298358131616
65
0.9595298358131616
65
0.9595298358131616
65
0.9595298358131616
65
0.9595298358131616
65
0.961032722957169
66
0.961032722957169
66
0.961032722957169
66
0.9594297511147893
67
0.9594297511147893
67
0.9594297511147893
67
0.9594297511147893
67
0.9594297511147893
67
0.9612229287883375
68
0.9612229287883375
68
0.9601435413705229
70
0.9601435413705229
70
0.9601435413705229
70
0.9544595704219448
72
0.9544595704219448
72
0.9544595704219448
72
34.0